Text                Label
----------------  -------
2                       1
i2                      1
i2                      1
2                       1
i2                      1
2                       1
i2                      1
2                       1
i2                      1
i2                      1
i2                      1
i2                      1
4                       1
4                       1
4                       1
4                       1
4                       1
4                       1
4                       1
4                       1
4                       1
14                      1
4                       1
4                       1
14                      1
4                       1
5                       1
5                       1
i5                      1
i5                      1
5                       1
5                       1
5                       1
5                       1
5                       1
5                       1
i5                      1
i5                      1
i5                      1
5                       1
5                       1
i6                      1
6                       1
6                       1
i6                      1
i6                      1
16                      1
16                      1
6                       1
16                      1
16                      1
16                      1
16                      1
i6                      1
16                      1
6                       1
16                      1
i8                      1
i8                      1
i8                      1
8                       1
i8                      1
i8                      1
i8                      1
i8                      1
i8                      1
i8                      1
i8                      1
8                       1
i8                      1
i8                      1
i8                      1
i8                      1
8                       1
18                      1
20                      1
20                      1
20                      1
20                      1
20                      1
20                      1
20                      1
20                      1
20                      1
20                      1
20                      1
20                      1
20                      1
20                      1
20                      1
20                      1
20                      1
20                      1
20                      1
20                      1
i                       1
i                       1
i                       1
i                       1
i                       1
i                       1
i                       1
i                       1
i                       1
i                       1
i                       1
i                       1
i                       1
i                       1
i                       1
i                       1
2i                      1
i                       1
21                      1
i                       1
i                       1
24                      1
24                      1
24                      1
24                      1
24                      1
24                      1
24                      1
24                      1
24                      1
24                      1
24                      1
24                      1
24                      1
24                      1
24                      1
24                      1
24                      1
24                      1
24                      1
24                      1
24                      1
24                      1
24                      1
24                      1
25 25                   1
25                      1
25                      1
25                      1
25                      1
25                      1
25                      1
25                      1
25                      1
25                      1
25 25 25                1
25                      1
25                      1
25                      1
25                      1
25                      1
25 25                   1
25                      1
25                      1
25                      1
1                       1
25                      1
GOALBOOK                0
goalbookapp. com        0
