Text      Label
------  -------
14_=,:        1
33            1
27            1
56            1
2 =           1
40            1
56            1
99            1
              1
              1
              1
;o            1
;;            1
21 =          1
12            1
              1
39            1
2i            1
36            1
3             1
              1
39            1
18            1
i8            1
54            1
5o            1
12            1
" 36          1
" 18          1
              1
              1
              1
              1
32            1
%             1
24            1
24            1
" zo          1
4             1
50            1
" 16          1
              1
35            1
36 =          1
43            1
42            1
              1
=             1
33            1
i             1
64            1
8             1
              1
              1
              1
